CpG context (R1)
================
position	count methylated	count unmethylated	% methylation	coverage
1	225195	268502	45.61	493697
2	214747	195534	52.34	410281
3	248105	272168	47.69	520273
4	235509	273769	46.24	509278
5	239492	265150	47.46	504642
6	245455	278023	46.89	523478
7	227830	260916	46.62	488746
8	234819	267066	46.79	501885
9	238373	274077	46.52	512450
10	231855	269520	46.24	501375
11	230331	267770	46.24	498101
12	236747	274257	46.33	511004
13	231573	267242	46.42	498815
14	232794	267199	46.56	499993
15	229837	271686	45.83	501523
16	232778	269652	46.33	502430
17	233879	268860	46.52	502739
18	235406	274797	46.14	510203
19	232432	273708	45.92	506140
20	235432	271891	46.41	507323
21	237628	275672	46.29	513300
22	235220	273247	46.26	508467
23	232895	271807	46.15	504702
24	234141	275519	45.94	509660
25	231434	272742	45.90	504176
26	230306	272666	45.79	502972
27	232296	277051	45.61	509347
28	231077	274901	45.67	505978
29	229175	275505	45.41	504680
30	233148	279946	45.44	513094
31	232404	276319	45.68	508723
32	233007	275590	45.81	508597
33	234168	278831	45.65	512999
34	230996	273208	45.81	504204
35	231223	273483	45.81	504706
36	232755	278254	45.55	511009
37	230625	273962	45.71	504587
38	230748	274252	45.69	505000
39	232152	279048	45.41	511200
40	232754	276910	45.67	509664
41	233026	276273	45.75	509299
42	230847	280143	45.18	510990
43	232291	277130	45.60	509421
44	232199	275277	45.76	507476
45	231548	278510	45.40	510058
46	231002	273574	45.78	504576
47	229733	274726	45.54	504459
48	230725	278690	45.29	509415
49	230862	277351	45.43	508213
50	230427	274680	45.62	505107
51	231728	279998	45.28	511726
52	231295	277067	45.50	508362
53	231686	277033	45.54	508719
54	231814	279394	45.35	511208
55	230316	276385	45.45	506701
56	228904	274518	45.47	503422
57	229605	278053	45.23	507658
58	229224	276132	45.36	505356
59	229481	275390	45.45	504871
60	231664	280116	45.27	511780
61	230651	277416	45.40	508067
62	231650	276550	45.58	508200
63	232227	280299	45.31	512526
64	231319	278674	45.36	509993
65	231149	275487	45.62	506636
66	232625	278642	45.50	511267
67	230059	276913	45.38	506972
68	229023	276095	45.34	505118
69	230518	279321	45.21	509839
70	229927	276370	45.41	506297
71	229833	276653	45.38	506486
72	232324	280982	45.26	513306
73	231100	277784	45.41	508884
74	230728	277336	45.41	508064
75	231151	279616	45.26	510767
76	230341	277048	45.40	507389
77	230681	276461	45.49	507142
78	231008	278622	45.33	509630
79	229972	278555	45.22	508527
80	230432	276754	45.43	507186
81	231378	279527	45.29	510905
82	230568	278939	45.25	509507
83	232003	277113	45.57	509116
84	233631	280183	45.47	513814
85	231911	276648	45.60	508559
86	231062	276516	45.52	507578
87	232607	278725	45.49	511332
88	230524	276665	45.45	507189
89	229067	275632	45.39	504699
90	231634	279755	45.30	511389
91	230356	277332	45.37	507688
92	231562	276370	45.59	507932
93	232923	281394	45.29	514317
94	231857	278503	45.43	510360
95	231366	277353	45.48	508719
96	231733	280773	45.22	512506
97	231548	277171	45.52	508719
98	230059	276290	45.43	506349
99	231768	279112	45.37	510880
100	229775	277205	45.32	506980

CHG context (R1)
================
position	count methylated	count unmethylated	% methylation	coverage
1	85717	385627	18.19	471344
2	92754	352992	20.81	445746
3	98075	411826	19.23	509901
4	90803	412279	18.05	503082
5	95689	417099	18.66	512788
6	95232	408554	18.90	503786
7	94343	410777	18.68	505120
8	95155	420606	18.45	515761
9	96008	415443	18.77	511451
10	93343	415433	18.35	508776
11	93666	418513	18.29	512179
12	94302	413929	18.55	508231
13	94262	413168	18.58	507430
14	93973	417007	18.39	510980
15	93770	416344	18.38	510114
16	94766	418030	18.48	512796
17	94685	422474	18.31	517159
18	95224	420342	18.47	515566
19	94210	422215	18.24	516425
20	97536	413137	19.10	510673
21	97000	414713	18.96	511713
22	95192	419780	18.48	514972
23	95149	421891	18.40	517040
24	94272	420046	18.33	514318
25	93857	417342	18.36	511199
26	94266	421565	18.27	515831
27	94141	421699	18.25	515840
28	94550	423161	18.26	517711
29	93255	427486	17.91	520741
30	94685	425638	18.20	520323
31	95205	424533	18.32	519738
32	95729	423288	18.44	519017
33	94660	423785	18.26	518445
34	95759	415489	18.73	511248
35	94821	422616	18.33	517437
36	94623	422708	18.29	517331
37	95047	419814	18.46	514861
38	95004	424424	18.29	519428
39	95582	424375	18.38	519957
40	94601	424432	18.23	519033
41	94835	424939	18.25	519774
42	93805	424106	18.11	517911
43	94218	423172	18.21	517390
44	94614	424162	18.24	518776
45	94246	422960	18.22	517206
46	95106	415256	18.64	510362
47	93931	423021	18.17	516952
48	93541	425191	18.03	518732
49	94074	419518	18.32	513592
50	94155	422632	18.22	516787
51	94487	425389	18.17	519876
52	94586	425908	18.17	520494
53	94977	424951	18.27	519928
54	94876	420889	18.40	515765
55	94003	421025	18.25	515028
56	93911	422639	18.18	516550
57	93592	421956	18.15	515548
58	93989	423026	18.18	517015
59	94300	424189	18.19	518489
60	93600	423799	18.09	517399
61	94411	424855	18.18	519266
62	94237	425826	18.12	520063
63	94696	424023	18.26	518719
64	93605	422178	18.15	515783
65	94161	423521	18.19	517682
66	94738	421574	18.35	516312
67	93657	419456	18.25	513113
68	94069	424440	18.14	518509
69	93269	423437	18.05	516706
70	93770	423109	18.14	516879
71	94248	424743	18.16	518991
72	94741	424195	18.26	518936
73	93812	421474	18.21	515286
74	94162	423046	18.21	517208
75	93808	422642	18.16	516450
76	94645	421430	18.34	516075
77	94382	421825	18.28	516207
78	93730	422150	18.17	515880
79	93645	421740	18.17	515385
80	93915	425615	18.08	519530
81	93759	423995	18.11	517754
82	94628	422236	18.31	516864
83	94112	424844	18.13	518956
84	94410	422714	18.26	517124
85	93556	420188	18.21	513744
86	93769	420611	18.23	514380
87	94215	420506	18.30	514721
88	93607	420501	18.21	514108
89	93811	422282	18.18	516093
90	93380	423242	18.08	516622
91	94112	423484	18.18	517596
92	94021	424674	18.13	518695
93	93948	423666	18.15	517614
94	94124	422460	18.22	516584
95	94049	422680	18.20	516729
96	93740	421468	18.19	515208
97	94035	420085	18.29	514120
98	93485	421021	18.17	514506
99	94000	421101	18.25	515101
100	93788	419249	18.28	513037

CHH context (R1)
================
position	count methylated	count unmethylated	% methylation	coverage
1	78695	2086331	3.63	2165026
2	79541	1899441	4.02	1978982
3	88807	2144441	3.98	2233248
4	81155	2172482	3.60	2253637
5	81613	2140734	3.67	2222347
6	82300	2168484	3.66	2250784
7	81931	2161011	3.65	2242942
8	82332	2178015	3.64	2260347
9	82990	2173041	3.68	2256031
10	81055	2164708	3.61	2245763
11	80456	2165723	3.58	2246179
12	81334	2177957	3.60	2259291
13	81153	2173920	3.60	2255073
14	81110	2183131	3.58	2264241
15	79430	2193011	3.50	2272441
16	80958	2190125	3.56	2271083
17	81121	2193543	3.57	2274664
18	82246	2201579	3.60	2283825
19	80280	2198403	3.52	2278683
20	90070	2134916	4.05	2224986
21	87921	2158909	3.91	2246830
22	81876	2193059	3.60	2274935
23	80939	2189551	3.56	2270490
24	81069	2200569	3.55	2281638
25	83141	2191565	3.66	2274706
26	80059	2196512	3.52	2276571
27	83181	2201535	3.64	2284716
28	80528	2204855	3.52	2285383
29	79631	2198915	3.49	2278546
30	80703	2203371	3.53	2284074
31	80601	2199045	3.54	2279646
32	83365	2182212	3.68	2265577
33	81098	2198270	3.56	2279368
34	89298	2163223	3.96	2252521
35	82326	2185709	3.63	2268035
36	80733	2204913	3.53	2285646
37	83979	2184974	3.70	2268953
38	80297	2196634	3.53	2276931
39	82239	2200767	3.60	2283006
40	80544	2198945	3.53	2279489
41	81269	2182744	3.59	2264013
42	79633	2191918	3.51	2271551
43	80001	2189311	3.53	2269312
44	79791	2183768	3.53	2263559
45	80085	2194371	3.52	2274456
46	86112	2157733	3.84	2243845
47	79654	2191047	3.51	2270701
48	79011	2199821	3.47	2278832
49	82649	2179360	3.65	2262009
50	81901	2178907	3.62	2260808
51	79955	2199091	3.51	2279046
52	79523	2191530	3.50	2271053
53	81070	2182168	3.58	2263238
54	81214	2182260	3.59	2263474
55	80246	2189785	3.54	2270031
56	79487	2190102	3.50	2269589
57	81503	2190758	3.59	2272261
58	79731	2196573	3.50	2276304
59	80940	2185831	3.57	2266771
60	79500	2196959	3.49	2276459
61	79769	2191885	3.51	2271654
62	79858	2184004	3.53	2263862
63	79671	2188111	3.51	2267782
64	79517	2183431	3.51	2262948
65	79892	2181785	3.53	2261677
66	80076	2188269	3.53	2268345
67	81382	2175028	3.61	2256410
68	78839	2186019	3.48	2264858
69	79117	2198721	3.47	2277838
70	79921	2192081	3.52	2272002
71	80523	2173467	3.57	2253990
72	79531	2185848	3.51	2265379
73	80458	2176180	3.57	2256638
74	79478	2173462	3.53	2252940
75	80625	2182534	3.56	2263159
76	80292	2175804	3.56	2256096
77	80373	2176706	3.56	2257079
78	80433	2189158	3.54	2269591
79	79952	2190057	3.52	2270009
80	79061	2181747	3.50	2260808
81	80066	2186917	3.53	2266983
82	82064	2167776	3.65	2249840
83	81140	2166104	3.61	2247244
84	81842	2170932	3.63	2252774
85	80908	2165999	3.60	2246907
86	80644	2162641	3.59	2243285
87	80936	2174607	3.59	2255543
88	80046	2177519	3.55	2257565
89	79831	2176148	3.54	2255979
90	79450	2181307	3.51	2260757
91	79738	2177512	3.53	2257250
92	79759	2175651	3.54	2255410
93	80365	2171742	3.57	2252107
94	80801	2163725	3.60	2244526
95	80579	2157276	3.60	2237855
96	81069	2161152	3.62	2242221
97	80826	2163845	3.60	2244671
98	80614	2162150	3.59	2242764
99	81283	2166411	3.62	2247694
100	81566	2159585	3.64	2241151

CpG context (R2)
================
position	count methylated	count unmethylated	% methylation	coverage
1	11074	884539	1.24	895613
2	16039	564369	2.76	580408
3	157736	299998	34.46	457734
4	238659	334771	41.62	573430
5	248936	317757	43.93	566693
6	241807	309368	43.87	551175
7	247224	319902	43.59	567126
8	215222	307005	41.21	522227
9	228317	305863	42.74	534180
10	229275	308889	42.60	538164
11	222744	303322	42.34	526066
12	220966	297906	42.59	518872
13	223917	301379	42.63	525296
14	220349	298088	42.50	518437
15	218787	294368	42.64	513155
16	222752	297203	42.84	519955
17	220847	295048	42.81	515895
18	221910	291122	43.25	513032
19	223890	293506	43.27	517396
20	218496	295086	42.54	513582
21	218478	293158	42.70	511636
22	219989	295242	42.70	515231
23	219855	291997	42.95	511852
24	218683	290496	42.95	509179
25	218865	292124	42.83	510989
26	218884	291086	42.92	509970
27	217982	289332	42.97	507314
28	218960	290890	42.95	509850
29	218574	289441	43.03	508015
30	217926	285668	43.27	503594
31	217908	288998	42.99	506906
32	218748	285413	43.39	504161
33	218049	282970	43.52	501019
34	219742	283757	43.64	503499
35	219767	281378	43.85	501145
36	219302	278222	44.08	497524
37	221503	279974	44.17	501477
38	221253	277345	44.38	498598
39	222255	275819	44.62	498074
40	223474	276000	44.74	499474
41	221345	273900	44.69	495245
42	223038	272230	45.03	495268
43	223354	271798	45.11	495152
44	222417	270851	45.09	493268
45	223073	268786	45.35	491859
46	223639	269289	45.37	492928
47	222373	267739	45.37	490112
48	223714	265074	45.77	488788
49	223634	267033	45.58	490667
50	223637	265935	45.68	489572
51	222831	263636	45.81	486467
52	223014	264880	45.71	487894
53	222916	263465	45.83	486381
54	221920	261194	45.94	483114
55	221483	262878	45.73	484361
56	221795	261901	45.85	483696
57	221616	260079	46.01	481695
58	221582	261764	45.84	483346
59	221148	260686	45.90	481834
60	220383	259229	45.95	479612
61	221480	260626	45.94	482106
62	219244	258685	45.87	477929
63	218762	256938	45.99	475700
64	220509	258673	46.02	479182
65	218687	256636	46.01	475323
66	218801	256022	46.08	474823
67	220521	256875	46.19	477396
68	218030	256225	45.97	474255
69	216743	253895	46.05	470638
70	218616	256151	46.05	474767
71	216967	254751	46.00	471718
72	216375	252384	46.16	468759
73	217387	254322	46.08	471709
74	215286	252032	46.07	467318
75	215126	251136	46.14	466262
76	214650	252845	45.91	467495
77	213736	251095	45.98	464831
78	212735	248520	46.12	461255
79	214084	251787	45.95	465871
80	212244	250874	45.83	463118
81	212974	248488	46.15	461462
82	212436	249961	45.94	462397
83	210901	247802	45.98	458703
84	209900	245732	46.07	455632
85	211328	247568	46.05	458896
86	208997	246011	45.93	455008
87	209270	244052	46.16	453322
88	209617	246377	45.97	455994
89	207766	244378	45.95	452144
90	207298	244173	45.92	451471
91	208621	243918	46.10	452539
92	206854	243852	45.90	450706
93	206150	239940	46.21	446090
94	206036	242872	45.90	448908
95	204716	241309	45.90	446025
96	204253	239171	46.06	443424
97	204428	240660	45.93	445088
98	204347	238890	46.10	443237
99	203407	236604	46.23	440011
100	204133	238527	46.12	442660

CHG context (R2)
================
position	count methylated	count unmethylated	% methylation	coverage
1	6210	509383	1.20	515593
2	14928	634252	2.30	649180
3	44886	500198	8.23	545084
4	88728	384634	18.74	473362
5	91652	449894	16.92	541546
6	93692	449461	17.25	543153
7	93989	447110	17.37	541099
8	90932	445962	16.94	536894
9	87901	440524	16.63	528425
10	92109	442738	17.22	534847
11	91471	438388	17.26	529859
12	89502	432534	17.14	522036
13	90001	431546	17.26	521547
14	90815	434695	17.28	525510
15	89622	430007	17.25	519629
16	89598	430477	17.23	520075
17	90477	431571	17.33	522048
18	89775	429258	17.30	519033
19	89987	427557	17.39	517544
20	89816	430550	17.26	520366
21	88802	430224	17.11	519026
22	88516	426325	17.19	514841
23	89257	427693	17.27	516950
24	89055	426568	17.27	515623
25	88343	423898	17.25	512241
26	87548	424558	17.10	512106
27	88453	425055	17.23	513508
28	88122	424367	17.19	512489
29	88550	423718	17.29	512268
30	88625	421836	17.36	510461
31	88873	422142	17.39	511015
32	88975	423510	17.36	512485
33	88951	420390	17.46	509341
34	89307	419076	17.57	508383
35	89425	419805	17.56	509230
36	89776	419240	17.64	509016
37	89207	416527	17.64	505734
38	90109	415632	17.82	505741
39	90460	416626	17.84	507086
40	90067	413984	17.87	504051
41	90562	415281	17.90	505843
42	90497	412232	18.00	502729
43	90933	411942	18.08	502875
44	90458	411358	18.03	501816
45	90882	411270	18.10	502152
46	90582	408445	18.15	499027
47	91025	408359	18.23	499384
48	90951	407213	18.26	498164
49	90881	407018	18.25	497899
50	91237	407116	18.31	498353
51	91458	406181	18.38	497639
52	91017	404529	18.37	495546
53	90532	404882	18.27	495414
54	90352	403714	18.29	494066
55	90087	402913	18.27	493000
56	90387	402905	18.32	493292
57	90412	402219	18.35	492631
58	90505	400867	18.42	491372
59	90263	401523	18.35	491786
60	89893	399466	18.37	489359
61	89703	396927	18.43	486630
62	90006	398511	18.42	488517
63	89942	398408	18.42	488350
64	89292	396473	18.38	485765
65	89331	396736	18.38	486067
66	89240	394755	18.44	483995
67	89652	394635	18.51	484287
68	88886	394160	18.40	483046
69	89007	393482	18.45	482489
70	88216	392136	18.36	480352
71	88646	392309	18.43	480955
72	88255	392275	18.37	480530
73	88315	390071	18.46	478386
74	88679	391434	18.47	480113
75	87643	388698	18.40	476341
76	87649	387007	18.47	474656
77	87718	388147	18.43	475865
78	87525	385617	18.50	473142
79	87559	385127	18.52	472686
80	87099	386604	18.39	473703
81	86568	383655	18.41	470223
82	86881	382730	18.50	469611
83	86753	384105	18.42	470858
84	86052	380814	18.43	466866
85	86326	380081	18.51	466407
86	86357	381187	18.47	467544
87	86162	378712	18.53	464874
88	85385	376993	18.47	462378
89	86013	378412	18.52	464425
90	85645	376474	18.53	462119
91	84774	375735	18.41	460509
92	85217	374957	18.52	460174
93	84726	374517	18.45	459243
94	84647	370814	18.58	455461
95	84594	371810	18.53	456404
96	84565	369592	18.62	454157
97	84224	368890	18.59	453114
98	84096	369284	18.55	453380
99	83739	367220	18.57	450959
100	83508	366194	18.57	449702

CHH context (R2)
================
position	count methylated	count unmethylated	% methylation	coverage
1	27061	2257287	1.18	2284348
2	20788	1997519	1.03	2018307
3	44193	1958762	2.21	2002955
4	61055	2024983	2.93	2086038
5	61764	1958470	3.06	2020234
6	60898	1969453	3.00	2030351
7	64613	2026321	3.09	2090934
8	62232	1959659	3.08	2021891
9	68105	1990719	3.31	2058824
10	70440	2013818	3.38	2084258
11	72160	2022030	3.45	2094190
12	72867	2024190	3.47	2097057
13	74683	2038983	3.53	2113666
14	74895	2041470	3.54	2116365
15	75012	2049350	3.53	2124362
16	75915	2066743	3.54	2142658
17	76019	2068301	3.55	2144320
18	76285	2068077	3.56	2144362
19	76153	2078537	3.53	2154690
20	76919	2069484	3.58	2146403
21	75660	2074877	3.52	2150537
22	74896	2082776	3.47	2157672
23	74895	2076887	3.48	2151782
24	74903	2076902	3.48	2151805
25	75000	2080367	3.48	2155367
26	74626	2077477	3.47	2152103
27	74891	2078665	3.48	2153556
28	75475	2088357	3.49	2163832
29	74906	2078837	3.48	2153743
30	75240	2081399	3.49	2156639
31	75302	2086852	3.48	2162154
32	74553	2077769	3.46	2152322
33	75329	2083153	3.49	2158482
34	75832	2083765	3.51	2159597
35	75506	2079155	3.50	2154661
36	75601	2075290	3.51	2150891
37	75749	2078635	3.52	2154384
38	75553	2073068	3.52	2148621
39	76146	2072571	3.54	2148717
40	75720	2070772	3.53	2146492
41	75598	2063761	3.53	2139359
42	75459	2064595	3.53	2140054
43	75545	2066261	3.53	2141806
44	76284	2060345	3.57	2136629
45	75892	2055087	3.56	2130979
46	75330	2056727	3.53	2132057
47	75775	2051841	3.56	2127616
48	75734	2045802	3.57	2121536
49	76071	2048453	3.58	2124524
50	75842	2042970	3.58	2118812
51	75602	2040678	3.57	2116280
52	76220	2043321	3.60	2119541
53	75434	2036361	3.57	2111795
54	75761	2032719	3.59	2108480
55	75900	2031220	3.60	2107120
56	74882	2027102	3.56	2101984
57	75156	2025798	3.58	2100954
58	75661	2025547	3.60	2101208
59	75191	2018481	3.59	2093672
60	75572	2017848	3.61	2093420
61	75306	2017978	3.60	2093284
62	74811	2008027	3.59	2082838
63	76208	2004279	3.66	2080487
64	75273	2007297	3.61	2082570
65	75316	1998578	3.63	2073894
66	75220	1994388	3.63	2069608
67	75199	1996221	3.63	2071420
68	74601	1989840	3.61	2064441
69	74194	1989261	3.60	2063455
70	74565	1987796	3.62	2062361
71	73982	1979384	3.60	2053366
72	73854	1979187	3.60	2053041
73	73938	1980082	3.60	2054020
74	74082	1973076	3.62	2047158
75	73568	1967442	3.60	2041010
76	74036	1966686	3.63	2040722
77	73813	1961730	3.63	2035543
78	75212	1953709	3.71	2028921
79	73108	1959335	3.60	2032443
80	73865	1950641	3.65	2024506
81	73470	1946541	3.64	2020011
82	74135	1941218	3.68	2015353
83	72676	1936993	3.62	2009669
84	72996	1931268	3.64	2004264
85	73287	1927139	3.66	2000426
86	73078	1922585	3.66	1995663
87	72953	1919169	3.66	1992122
88	73178	1917759	3.68	1990937
89	73243	1912916	3.69	1986159
90	72894	1908828	3.68	1981722
91	72953	1906977	3.68	1979930
92	72383	1901139	3.67	1973522
93	72953	1892921	3.71	1965874
94	72859	1890267	3.71	1963126
95	72708	1880700	3.72	1953408
96	72556	1877313	3.72	1949869
97	72708	1873268	3.74	1945976
98	72473	1870517	3.73	1942990
99	72266	1864149	3.73	1936415
100	72393	1862055	3.74	1934448

