CpG context (R1)
================
position	count methylated	count unmethylated	% methylation	coverage
1	95585	93108	50.66	188693
2	92407	68579	57.40	160986
3	109825	97280	53.03	207105
4	101837	97202	51.16	199039
5	104517	94130	52.61	198647
6	107742	99610	51.96	207352
7	99463	92614	51.78	192077
8	102618	94867	51.96	197485
9	103865	97698	51.53	201563
10	101647	95360	51.60	197007
11	100906	95524	51.37	196430
12	103552	97364	51.54	200916
13	101054	94806	51.60	195860
14	101932	95064	51.74	196996
15	101241	97310	50.99	198551
16	102365	96385	51.50	198750
17	102875	96548	51.59	199423
18	103460	98289	51.28	201749
19	101991	98321	50.92	200312
20	104731	96515	52.04	201246
21	104137	98280	51.45	202417
22	103768	97506	51.56	201274
23	102462	96980	51.37	199442
24	103342	99154	51.03	202496
25	101710	97254	51.12	198964
26	102028	97671	51.09	199699
27	101718	99382	50.58	201100
28	102092	98398	50.92	200490
29	100715	98804	50.48	199519
30	102701	99534	50.78	202235
31	102377	98586	50.94	200963
32	102401	98144	51.06	200545
33	103569	99520	51.00	203089
34	102990	98484	51.12	201474
35	101873	97762	51.03	199635
36	102054	99162	50.72	201216
37	101548	98222	50.83	199770
38	102002	98561	50.86	200563
39	102767	100123	50.65	202890
40	102367	98321	51.01	200688
41	102399	98141	51.06	200540
42	101398	99966	50.36	201364
43	102311	99088	50.80	201399
44	102217	98022	51.05	200239
45	100925	99807	50.28	200732
46	101555	97764	50.95	199319
47	101549	98559	50.75	200108
48	101298	99620	50.42	200918
49	101298	98762	50.63	200060
50	101595	98153	50.86	199748
51	101763	99556	50.55	201319
52	101656	98942	50.68	200598
53	101553	99291	50.56	200844
54	102569	99654	50.72	202223
55	101306	98587	50.68	199893
56	101120	98715	50.60	199835
57	101164	99700	50.36	200864
58	100554	98190	50.59	198744
59	100994	98898	50.52	199892
60	101924	100184	50.43	202108
61	101243	99334	50.48	200577
62	101373	98962	50.60	200335
63	101822	99535	50.57	201357
64	101707	99817	50.47	201524
65	101465	98410	50.76	199875
66	102106	99364	50.68	201470
67	101016	99034	50.50	200050
68	101168	98997	50.54	200165
69	101770	99683	50.52	201453
70	101657	99161	50.62	200818
71	101483	99101	50.59	200584
72	102028	100406	50.40	202434
73	101715	99650	50.51	201365
74	101495	98825	50.67	200320
75	102357	99542	50.70	201899
76	101179	99306	50.47	200485
77	101611	98472	50.78	200083
78	102204	99978	50.55	202182
79	101138	99175	50.49	200313
80	101464	99342	50.53	200806
81	101257	100083	50.29	201340
82	101898	99254	50.66	201152
83	102247	99212	50.75	201459
84	102407	99960	50.60	202367
85	102172	99436	50.68	201608
86	102508	98467	51.01	200975
87	102205	99254	50.73	201459
88	102003	99207	50.69	201210
89	101091	98757	50.58	199848
90	102352	100964	50.34	203316
91	101737	99194	50.63	200931
92	102004	98972	50.75	200976
93	103028	100115	50.72	203143
94	102074	99616	50.61	201690
95	102097	98768	50.83	200865
96	103266	99962	50.81	203228
97	101766	98978	50.69	200744
98	102222	98657	50.89	200879
99	102377	99521	50.71	201898
100	102405	98785	50.90	201190

CHG context (R1)
================
position	count methylated	count unmethylated	% methylation	coverage
1	38023	142281	21.09	180304
2	42119	133813	23.94	175932
3	45348	155079	22.63	200427
4	41331	155640	20.98	196971
5	43855	157962	21.73	201817
6	43800	154573	22.08	198373
7	42828	154884	21.66	197712
8	43825	159219	21.58	203044
9	43457	157066	21.67	200523
10	42877	157026	21.45	199903
11	42571	158389	21.18	200960
12	43019	157153	21.49	200172
13	43022	156178	21.60	199200
14	43324	157372	21.59	200696
15	42944	158231	21.35	201175
16	43299	158015	21.51	201314
17	43178	160214	21.23	203392
18	43789	159787	21.51	203576
19	43168	160353	21.21	203521
20	44815	154349	22.50	199164
21	44425	155460	22.23	199885
22	43469	159007	21.47	202476
23	43632	159922	21.44	203554
24	43239	159281	21.35	202520
25	43010	159358	21.25	202368
26	43250	160394	21.24	203644
27	43049	159592	21.24	202641
28	43612	159906	21.43	203518
29	42727	160531	21.02	203258
30	43582	161944	21.21	205526
31	43833	161199	21.38	205032
32	43205	160832	21.18	204037
33	43161	160754	21.17	203915
34	43529	159752	21.41	203281
35	43041	160334	21.16	203375
36	42850	159994	21.12	202844
37	43284	160065	21.29	203349
38	43337	161585	21.15	204922
39	43864	160655	21.45	204519
40	43547	159494	21.45	203041
41	43095	160604	21.16	203699
42	42924	161059	21.04	203983
43	43618	159938	21.43	203556
44	43379	160512	21.28	203891
45	43045	160474	21.15	203519
46	43606	156624	21.78	200230
47	42693	159924	21.07	202617
48	43083	160401	21.17	203484
49	42978	158009	21.38	200987
50	42952	159616	21.20	202568
51	43537	160927	21.29	204464
52	43616	160656	21.35	204272
53	43473	160142	21.35	203615
54	43152	159540	21.29	202692
55	43232	159702	21.30	202934
56	43112	160426	21.18	203538
57	43211	159685	21.30	202896
58	43118	159969	21.23	203087
59	42928	160745	21.08	203673
60	42985	160960	21.08	203945
61	43587	161287	21.28	204874
62	43474	160972	21.26	204446
63	43102	161390	21.08	204492
64	42947	159410	21.22	202357
65	43122	160046	21.22	203168
66	43444	159887	21.37	203331
67	43423	158456	21.51	201879
68	42907	160418	21.10	203325
69	42525	159921	21.01	202446
70	43235	160059	21.27	203294
71	42847	159866	21.14	202713
72	43132	160402	21.19	203534
73	42912	158979	21.26	201891
74	43278	160590	21.23	203868
75	43171	159994	21.25	203165
76	43309	158715	21.44	202024
77	43345	159940	21.32	203285
78	42733	159063	21.18	201796
79	43058	160210	21.18	203268
80	42722	159980	21.08	202702
81	43094	159483	21.27	202577
82	43461	159957	21.37	203418
83	43413	160311	21.31	203724
84	43144	159349	21.31	202493
85	43267	159289	21.36	202556
86	43288	158987	21.40	202275
87	42945	159044	21.26	201989
88	43324	159307	21.38	202631
89	43305	159998	21.30	203303
90	42955	160325	21.13	203280
91	42927	159912	21.16	202839
92	42983	159862	21.19	202845
93	43339	159642	21.35	202981
94	43187	159437	21.31	202624
95	43353	158557	21.47	201910
96	43199	158615	21.41	201814
97	42983	158751	21.31	201734
98	43229	158375	21.44	201604
99	43163	159112	21.34	202275
100	42919	158536	21.30	201455

CHH context (R1)
================
position	count methylated	count unmethylated	% methylation	coverage
1	28928	821382	3.40	850310
2	29568	756813	3.76	786381
3	33624	849107	3.81	882731
4	29682	862143	3.33	891825
5	29653	848739	3.38	878392
6	30210	858190	3.40	888400
7	29941	852868	3.39	882809
8	30259	861466	3.39	891725
9	30022	861120	3.37	891142
10	29365	854401	3.32	883766
11	29380	855467	3.32	884847
12	30123	861443	3.38	891566
13	29431	861071	3.30	890502
14	29753	863404	3.33	893157
15	29124	866985	3.25	896109
16	29563	864890	3.31	894453
17	29597	868501	3.30	898098
18	30184	870105	3.35	900289
19	28932	867362	3.23	896294
20	35934	833116	4.13	869050
21	34398	846461	3.91	880859
22	29782	867311	3.32	897093
23	29888	865671	3.34	895559
24	29707	869158	3.30	898865
25	29419	867702	3.28	897121
26	29421	865622	3.29	895043
27	29762	872304	3.30	902066
28	29357	868970	3.27	898327
29	29069	868258	3.24	897327
30	29340	870372	3.26	899712
31	29715	867328	3.31	897043
32	31110	860923	3.49	892033
33	30014	868023	3.34	898037
34	29671	866057	3.31	895728
35	29418	868174	3.28	897592
36	29326	871193	3.26	900519
37	29894	869321	3.32	899215
38	28822	866980	3.22	895802
39	29608	868842	3.30	898450
40	30769	863220	3.44	893989
41	29370	863202	3.29	892572
42	28950	867561	3.23	896511
43	29032	866300	3.24	895332
44	29170	860946	3.28	890116
45	29166	865545	3.26	894711
46	32920	846390	3.74	879310
47	29238	864339	3.27	893577
48	29015	868385	3.23	897400
49	30696	858187	3.45	888883
50	30847	857873	3.47	888720
51	29259	870178	3.25	899437
52	29373	864438	3.29	893811
53	29030	860641	3.26	889671
54	30209	860108	3.39	890317
55	29334	863047	3.29	892381
56	29413	863335	3.29	892748
57	29268	865007	3.27	894275
58	29243	865473	3.27	894716
59	29394	863080	3.29	892474
60	29285	865557	3.27	894842
61	29173	862533	3.27	891706
62	29678	860365	3.33	890043
63	29323	862770	3.29	892093
64	29436	859980	3.31	889416
65	29715	859616	3.34	889331
66	30078	861470	3.37	891548
67	30286	855013	3.42	885299
68	29035	861180	3.26	890215
69	29165	866821	3.26	895986
70	29832	864356	3.34	894188
71	30355	855391	3.43	885746
72	29465	861782	3.31	891247
73	29832	858883	3.36	888715
74	29484	856155	3.33	885639
75	29830	858662	3.36	888492
76	29795	857546	3.36	887341
77	30215	854979	3.41	885194
78	29981	860276	3.37	890257
79	29686	861033	3.33	890719
80	29532	860128	3.32	889660
81	30146	863402	3.37	893548
82	30681	852407	3.47	883088
83	30854	851529	3.50	882383
84	30764	851790	3.49	882554
85	30382	851055	3.45	881437
86	30053	849365	3.42	879418
87	31301	851624	3.55	882925
88	29962	856684	3.38	886646
89	29839	854700	3.37	884539
90	29773	858974	3.35	888747
91	29826	856421	3.37	886247
92	29590	855201	3.34	884791
93	30222	854311	3.42	884533
94	30302	851405	3.44	881707
95	30556	844102	3.49	874658
96	30468	849136	3.46	879604
97	29989	848992	3.41	878981
98	30338	847611	3.46	877949
99	30980	848778	3.52	879758
100	31007	848633	3.52	879640

CpG context (R2)
================
position	count methylated	count unmethylated	% methylation	coverage
1	3752	369443	1.01	373195
2	6014	207067	2.82	213081
3	64553	106709	37.69	171262
4	100387	119566	45.64	219953
5	105030	110606	48.71	215636
6	103063	107844	48.87	210907
7	106599	114024	48.32	220623
8	91972	108050	45.98	200022
9	98701	107959	47.76	206660
10	100260	109291	47.85	209551
11	97246	106785	47.66	204031
12	96445	105218	47.82	201663
13	98511	106757	47.99	205268
14	96757	104741	48.02	201498
15	96860	104462	48.11	201322
16	98107	105899	48.09	204006
17	97247	104865	48.12	202112
18	98164	103370	48.71	201534
19	99190	104928	48.59	204118
20	97137	104854	48.09	201991
21	96315	104932	47.86	201247
22	98207	104766	48.38	202973
23	97322	103224	48.53	200546
24	96200	102606	48.39	198806
25	96872	104136	48.19	201008
26	96649	103165	48.37	199814
27	96751	102934	48.45	199685
28	96919	103512	48.36	200431
29	96462	103096	48.34	199558
30	96986	101610	48.84	198596
31	96105	102568	48.37	198673
32	95934	102192	48.42	198126
33	95714	100607	48.75	196321
34	97133	101306	48.95	198439
35	96493	99764	49.17	196257
36	96525	98481	49.50	195006
37	97292	99968	49.32	197260
38	97773	98427	49.83	196200
39	97397	97983	49.85	195380
40	98152	98630	49.88	196782
41	97741	97548	50.05	195289
42	97287	96848	50.11	194135
43	98440	96748	50.43	195188
44	98263	96116	50.55	194379
45	97088	95433	50.43	192521
46	98532	95796	50.70	194328
47	97558	95834	50.45	193392
48	98077	94481	50.93	192558
49	97704	95808	50.49	193512
50	96869	95193	50.44	192062
51	97179	93502	50.96	190681
52	97661	94300	50.88	191961
53	96726	93725	50.79	190451
54	96038	92864	50.84	188902
55	96968	94180	50.73	191148
56	96506	93134	50.89	189640
57	96461	92646	51.01	189107
58	96116	92953	50.84	189069
59	96723	92424	51.14	189147
60	96100	91875	51.12	187975
61	96395	92829	50.94	189224
62	96890	91934	51.31	188824
63	94938	91699	50.87	186637
64	96512	91961	51.21	188473
65	95210	90915	51.15	186125
66	94713	90270	51.20	184983
67	95423	91590	51.02	187013
68	94949	90430	51.22	185379
69	94715	89670	51.37	184385
70	94960	91172	51.02	186132
71	95157	90438	51.27	185595
72	93920	89100	51.32	183020
73	94395	89966	51.20	184361
74	94213	89058	51.41	183271
75	93309	88885	51.21	182194
76	93626	89085	51.24	182711
77	93310	89523	51.04	182833
78	92976	87951	51.39	180927
79	93368	88944	51.21	182312
80	92692	87606	51.41	180298
81	92090	87840	51.18	179930
82	92241	88008	51.17	180249
83	91559	87517	51.13	179076
84	91593	86458	51.44	178051
85	92185	86995	51.45	179180
86	90760	85863	51.39	176623
87	91191	85477	51.62	176668
88	91663	86246	51.52	177909
89	90371	86309	51.15	176680
90	89972	85042	51.41	175014
91	90283	85228	51.44	175511
92	89510	85306	51.20	174816
93	89418	84439	51.43	173857
94	89149	84372	51.38	173521
95	88836	83627	51.51	172463
96	88577	83365	51.52	171942
97	88823	83866	51.44	172689
98	87630	82908	51.38	170538
99	87177	81957	51.54	169134
100	87462	83194	51.25	170656

CHG context (R2)
================
position	count methylated	count unmethylated	% methylation	coverage
1	1844	197651	0.92	199495
2	6266	265272	2.31	271538
3	18406	180468	9.26	198874
4	38883	142319	21.46	181202
5	40942	170998	19.32	211940
6	41693	168353	19.85	210046
7	41737	167724	19.93	209461
8	40880	167715	19.60	208595
9	38913	163829	19.19	202742
10	41120	166034	19.85	207154
11	41429	164773	20.09	206202
12	40809	161648	20.16	202457
13	41051	162130	20.20	203181
14	41314	163777	20.14	205091
15	40992	161581	20.24	202573
16	41002	161810	20.22	202812
17	41519	162502	20.35	204021
18	41500	161492	20.44	202992
19	41255	161618	20.34	202873
20	41227	162216	20.26	203443
21	40758	161651	20.14	202409
22	40751	161854	20.11	202605
23	41211	161444	20.34	202655
24	40965	160534	20.33	201499
25	40754	160417	20.26	201171
26	40593	160628	20.17	201221
27	40497	161032	20.09	201529
28	40573	160624	20.17	201197
29	40775	160632	20.25	201407
30	40885	159336	20.42	200221
31	40861	159593	20.38	200454
32	41068	159393	20.49	200461
33	41020	159563	20.45	200583
34	41108	158012	20.64	199120
35	41271	158631	20.65	199902
36	41334	157810	20.76	199144
37	41429	156999	20.88	198428
38	41488	157363	20.86	198851
39	41434	156506	20.93	197940
40	41455	156732	20.92	198187
41	41245	156774	20.83	198019
42	41365	156161	20.94	197526
43	41558	154889	21.15	196447
44	41456	155311	21.07	196767
45	41627	155346	21.13	196973
46	41315	153413	21.22	194728
47	41708	154100	21.30	195808
48	41208	154259	21.08	195467
49	41414	153258	21.27	194672
50	41316	153451	21.21	194767
51	41323	153157	21.25	194480
52	41576	152608	21.41	194184
53	41341	152648	21.31	193989
54	41015	152101	21.24	193116
55	41418	151604	21.46	193022
56	41360	151134	21.49	192494
57	41188	151369	21.39	192557
58	41137	151352	21.37	192489
59	41187	150394	21.50	191581
60	41155	150215	21.51	191370
61	41346	149990	21.61	191336
62	40748	149543	21.41	190291
63	40935	149447	21.50	190382
64	40835	148497	21.57	189332
65	40578	148350	21.48	188928
66	40742	148946	21.48	189688
67	40759	148030	21.59	188789
68	40431	147697	21.49	188128
69	40575	146918	21.64	187493
70	40173	146642	21.50	186815
71	40393	146846	21.57	187239
72	40387	146901	21.56	187288
73	40237	145807	21.63	186044
74	39878	146420	21.41	186298
75	39629	144868	21.48	184497
76	40209	145031	21.71	185240
77	39834	144779	21.58	184613
78	39862	145132	21.55	184994
79	39605	144073	21.56	183678
80	39316	143929	21.46	183245
81	38975	143286	21.38	182261
82	39359	143104	21.57	182463
83	39535	142492	21.72	182027
84	39352	141908	21.71	181260
85	39388	141192	21.81	180580
86	39070	141013	21.70	180083
87	38471	140759	21.46	179230
88	38641	139552	21.68	178193
89	38890	139874	21.75	178764
90	38398	139572	21.58	177970
91	38553	138668	21.75	177221
92	38625	138502	21.81	177127
93	38490	138435	21.75	176925
94	38516	137388	21.90	175904
95	38660	136282	22.10	174942
96	38037	135621	21.90	173658
97	37970	135497	21.89	173467
98	38070	135366	21.95	173436
99	37913	134992	21.93	172905
100	37622	133956	21.93	171578

CHH context (R2)
================
position	count methylated	count unmethylated	% methylation	coverage
1	8418	869379	0.96	877797
2	6801	803374	0.84	810175
3	15563	800853	1.91	816416
4	22134	824174	2.62	846308
5	22035	801140	2.68	823175
6	22281	807716	2.68	829997
7	23838	829858	2.79	853696
8	23059	796590	2.81	819649
9	25127	805698	3.02	830825
10	26183	812495	3.12	838678
11	26822	812081	3.20	838903
12	27050	810676	3.23	837726
13	27717	815872	3.29	843589
14	27346	816814	3.24	844160
15	28000	818740	3.31	846740
16	28360	826777	3.32	855137
17	28233	824453	3.31	852686
18	28674	825892	3.36	854566
19	28423	830537	3.31	858960
20	28263	827761	3.30	856024
21	27981	828863	3.27	856844
22	28197	829745	3.29	857942
23	28031	827396	3.28	855427
24	28091	827918	3.28	856009
25	27716	829724	3.23	857440
26	27919	825807	3.27	853726
27	28016	829003	3.27	857019
28	28333	831821	3.29	860154
29	28390	825409	3.33	853799
30	28170	826787	3.29	854957
31	28088	828016	3.28	856104
32	27901	824782	3.27	852683
33	28593	825542	3.35	854135
34	28321	829003	3.30	857324
35	28400	825932	3.32	854332
36	27944	824634	3.28	852578
37	28308	827813	3.31	856121
38	28018	822695	3.29	850713
39	28029	823079	3.29	851108
40	28127	822415	3.31	850542
41	27892	818886	3.29	846778
42	28071	819167	3.31	847238
43	28185	817169	3.33	845354
44	28236	816194	3.34	844430
45	27937	816574	3.31	844511
46	28325	816815	3.35	845140
47	28249	812767	3.36	841016
48	28342	813712	3.37	842054
49	28129	816433	3.33	844562
50	27913	812554	3.32	840467
51	28275	808748	3.38	837023
52	28194	808808	3.37	837002
53	28061	805913	3.36	833974
54	28017	805012	3.36	833029
55	27799	805130	3.34	832929
56	27815	801165	3.36	828980
57	27660	802021	3.33	829681
58	28079	802169	3.38	830248
59	27692	798923	3.35	826615
60	27400	799045	3.32	826445
61	28225	796187	3.42	824412
62	27768	793872	3.38	821640
63	27872	792784	3.40	820656
64	27652	790307	3.38	817959
65	27839	788466	3.41	816305
66	28019	785916	3.44	813935
67	27842	785343	3.42	813185
68	28638	780833	3.54	809471
69	28352	781152	3.50	809504
70	27851	782586	3.44	810437
71	27536	778857	3.41	806393
72	27780	777267	3.45	805047
73	27565	777458	3.42	805023
74	27449	774112	3.42	801561
75	27369	772354	3.42	799723
76	27418	771582	3.43	799000
77	27512	768013	3.46	795525
78	27451	768102	3.45	795553
79	27086	767133	3.41	794219
80	27338	763205	3.46	790543
81	27335	761431	3.47	788766
82	27363	760579	3.47	787942
83	27172	756863	3.47	784035
84	26992	752200	3.46	779192
85	27344	751436	3.51	778780
86	27274	748575	3.52	775849
87	27283	746293	3.53	773576
88	27576	744077	3.57	771653
89	27375	743486	3.55	770861
90	27478	741558	3.57	769036
91	27237	740397	3.55	767634
92	27344	736166	3.58	763510
93	27146	734520	3.56	761666
94	27038	732240	3.56	759278
95	27070	728121	3.58	755191
96	27133	724067	3.61	751200
97	27093	723747	3.61	750840
98	26997	719737	3.62	746734
99	27322	718044	3.67	745366
100	27617	715818	3.71	743435

