CpG context (R1)
================
position	count methylated	count unmethylated	% methylation	coverage
1	124	16549	0.74	16673
2	81	10728	0.75	10809
3	156	16151	0.96	16307
4	134	15818	0.84	15952
5	123	15835	0.77	15958
6	106	16202	0.65	16308
7	95	14859	0.64	14954
8	99	15965	0.62	16064
9	88	16273	0.54	16361
10	111	15801	0.70	15912
11	103	15976	0.64	16079
12	79	16171	0.49	16250
13	88	15721	0.56	15809
14	110	15465	0.71	15575
15	98	15857	0.61	15955
16	88	15744	0.56	15832
17	91	15657	0.58	15748
18	102	16062	0.63	16164
19	97	15922	0.61	16019
20	101	15738	0.64	15839
21	123	15942	0.77	16065
22	105	16123	0.65	16228
23	96	15621	0.61	15717
24	99	16216	0.61	16315
25	114	15984	0.71	16098
26	102	15792	0.64	15894
27	92	16298	0.56	16390
28	89	15973	0.55	16062
29	103	15758	0.65	15861
30	102	16185	0.63	16287
31	96	16190	0.59	16286
32	82	15940	0.51	16022
33	120	16201	0.74	16321
34	118	15912	0.74	16030
35	103	15830	0.65	15933
36	112	16126	0.69	16238
37	105	15864	0.66	15969
38	98	15711	0.62	15809
39	99	16292	0.60	16391
40	127	15881	0.79	16008
41	107	15985	0.66	16092
42	96	16301	0.59	16397
43	88	16057	0.55	16145
44	90	15901	0.56	15991
45	89	16008	0.55	16097
46	113	15940	0.70	16053
47	101	15859	0.63	15960
48	97	16394	0.59	16491
49	88	15875	0.55	15963
50	101	15753	0.64	15854
51	93	16149	0.57	16242
52	104	16015	0.65	16119
53	101	16002	0.63	16103
54	106	16351	0.64	16457
55	115	16064	0.71	16179
56	97	15871	0.61	15968
57	113	16224	0.69	16337
58	81	15922	0.51	16003
59	91	15993	0.57	16084
60	93	16364	0.57	16457
61	102	16020	0.63	16122
62	100	15877	0.63	15977
63	100	16369	0.61	16469
64	98	15912	0.61	16010
65	106	15910	0.66	16016
66	115	16162	0.71	16277
67	102	16009	0.63	16111
68	103	15638	0.65	15741
69	96	16073	0.59	16169
70	100	15972	0.62	16072
71	91	16137	0.56	16228
72	84	16193	0.52	16277
73	92	16080	0.57	16172
74	88	16104	0.54	16192
75	90	16295	0.55	16385
76	102	16157	0.63	16259
77	87	15965	0.54	16052
78	81	15972	0.50	16053
79	109	16002	0.68	16111
80	99	15987	0.62	16086
81	100	16336	0.61	16436
82	111	15947	0.69	16058
83	91	15976	0.57	16067
84	114	16137	0.70	16251
85	99	15904	0.62	16003
86	103	15897	0.64	16000
87	111	16184	0.68	16295
88	99	16001	0.61	16100
89	80	15976	0.50	16056
90	87	16246	0.53	16333
91	85	16121	0.52	16206
92	98	15935	0.61	16033
93	97	16407	0.59	16504
94	102	16050	0.63	16152
95	96	15967	0.60	16063
96	93	15996	0.58	16089
97	82	15826	0.52	15908
98	88	15746	0.56	15834
99	107	16268	0.65	16375
100	106	15834	0.66	15940

CHG context (R1)
================
position	count methylated	count unmethylated	% methylation	coverage
1	94	13482	0.69	13576
2	100	12426	0.80	12526
3	212	14534	1.44	14746
4	104	14487	0.71	14591
5	115	14822	0.77	14937
6	93	14057	0.66	14150
7	107	14355	0.74	14462
8	99	15062	0.65	15161
9	105	14783	0.71	14888
10	118	14624	0.80	14742
11	114	14949	0.76	15063
12	105	14708	0.71	14813
13	92	14738	0.62	14830
14	118	14938	0.78	15056
15	93	14531	0.64	14624
16	92	14712	0.62	14804
17	96	14811	0.64	14907
18	110	14911	0.73	15021
19	81	14829	0.54	14910
20	271	13876	1.92	14147
21	251	14149	1.74	14400
22	108	14470	0.74	14578
23	100	14784	0.67	14884
24	96	14690	0.65	14786
25	102	14537	0.70	14639
26	86	14831	0.58	14917
27	126	14752	0.85	14878
28	111	14685	0.75	14796
29	108	14903	0.72	15011
30	95	14870	0.63	14965
31	101	14842	0.68	14943
32	108	15075	0.71	15183
33	99	14695	0.67	14794
34	125	14646	0.85	14771
35	98	14865	0.65	14963
36	96	14902	0.64	14998
37	142	14364	0.98	14506
38	132	14804	0.88	14936
39	130	14870	0.87	15000
40	112	14580	0.76	14692
41	113	14668	0.76	14781
42	89	14868	0.60	14957
43	90	14826	0.60	14916
44	93	14609	0.63	14702
45	92	14901	0.61	14993
46	198	14303	1.37	14501
47	116	14921	0.77	15037
48	97	14730	0.65	14827
49	147	14516	1.00	14663
50	154	14752	1.03	14906
51	99	14992	0.66	15091
52	105	14849	0.70	14954
53	105	14910	0.70	15015
54	125	14551	0.85	14676
55	108	14487	0.74	14595
56	92	14843	0.62	14935
57	110	14702	0.74	14812
58	104	14823	0.70	14927
59	109	14944	0.72	15053
60	86	14987	0.57	15073
61	114	14688	0.77	14802
62	96	14983	0.64	15079
63	113	14803	0.76	14916
64	97	14705	0.66	14802
65	98	14872	0.65	14970
66	127	14813	0.85	14940
67	120	14482	0.82	14602
68	120	14754	0.81	14874
69	87	15050	0.57	15137
70	125	14884	0.83	15009
71	128	14774	0.86	14902
72	95	14856	0.64	14951
73	120	14597	0.82	14717
74	108	14871	0.72	14979
75	105	14615	0.71	14720
76	126	14636	0.85	14762
77	107	14497	0.73	14604
78	116	14665	0.78	14781
79	112	14755	0.75	14867
80	90	14769	0.61	14859
81	132	14851	0.88	14983
82	154	14385	1.06	14539
83	118	14543	0.80	14661
84	126	14639	0.85	14765
85	118	14668	0.80	14786
86	112	14382	0.77	14494
87	112	14588	0.76	14700
88	113	14571	0.77	14684
89	134	14730	0.90	14864
90	95	14658	0.64	14753
91	115	14669	0.78	14784
92	94	14846	0.63	14940
93	115	14728	0.77	14843
94	119	14655	0.81	14774
95	102	14492	0.70	14594
96	100	14598	0.68	14698
97	115	14732	0.77	14847
98	133	14753	0.89	14886
99	115	14535	0.78	14650
100	127	14451	0.87	14578

CHH context (R1)
================
position	count methylated	count unmethylated	% methylation	coverage
1	375	45759	0.81	46134
2	335	40270	0.83	40605
3	692	46601	1.46	47293
4	321	46648	0.68	46969
5	308	45178	0.68	45486
6	308	45818	0.67	46126
7	368	45599	0.80	45967
8	323	45723	0.70	46046
9	337	45555	0.73	45892
10	332	45180	0.73	45512
11	319	44903	0.71	45222
12	309	45495	0.67	45804
13	318	45718	0.69	46036
14	317	45510	0.69	45827
15	329	46503	0.70	46832
16	300	46121	0.65	46421
17	326	45536	0.71	45862
18	362	45829	0.78	46191
19	311	45490	0.68	45801
20	838	42702	1.92	43540
21	710	43793	1.60	44503
22	339	45629	0.74	45968
23	343	45607	0.75	45950
24	308	46099	0.66	46407
25	343	45814	0.74	46157
26	318	45441	0.69	45759
27	313	46255	0.67	46568
28	322	45795	0.70	46117
29	334	45420	0.73	45754
30	329	46081	0.71	46410
31	350	45372	0.77	45722
32	361	45250	0.79	45611
33	363	45719	0.79	46082
34	412	45258	0.90	45670
35	343	45569	0.75	45912
36	323	45839	0.70	46162
37	439	45378	0.96	45817
38	401	44827	0.89	45228
39	426	45322	0.93	45748
40	374	45367	0.82	45741
41	375	45111	0.82	45486
42	323	46002	0.70	46325
43	333	45449	0.73	45782
44	350	45611	0.76	45961
45	348	45809	0.75	46157
46	616	44040	1.38	44656
47	333	44997	0.73	45330
48	351	45444	0.77	45795
49	536	44521	1.19	45057
50	532	44794	1.17	45326
51	369	46045	0.80	46414
52	331	45692	0.72	46023
53	372	45091	0.82	45463
54	391	44868	0.86	45259
55	333	45523	0.73	45856
56	352	45304	0.77	45656
57	376	45491	0.82	45867
58	303	45846	0.66	46149
59	375	45177	0.82	45552
60	348	45542	0.76	45890
61	360	45515	0.78	45875
62	343	45170	0.75	45513
63	389	45069	0.86	45458
64	350	45322	0.77	45672
65	366	45155	0.80	45521
66	346	45556	0.75	45902
67	394	45141	0.87	45535
68	386	44830	0.85	45216
69	339	45453	0.74	45792
70	385	45413	0.84	45798
71	462	44475	1.03	44937
72	336	44913	0.74	45249
73	361	45169	0.79	45530
74	350	44834	0.77	45184
75	372	45233	0.82	45605
76	329	45526	0.72	45855
77	395	45023	0.87	45418
78	396	45387	0.86	45783
79	368	45666	0.80	46034
80	321	45240	0.70	45561
81	370	45080	0.81	45450
82	498	44159	1.12	44657
83	417	44510	0.93	44927
84	413	44965	0.91	45378
85	390	44936	0.86	45326
86	361	44610	0.80	44971
87	397	44570	0.88	44967
88	378	45596	0.82	45974
89	386	45019	0.85	45405
90	377	45417	0.82	45794
91	339	45059	0.75	45398
92	344	44839	0.76	45183
93	405	44936	0.89	45341
94	383	44812	0.85	45195
95	380	44541	0.85	44921
96	362	44887	0.80	45249
97	400	44730	0.89	45130
98	405	44809	0.90	45214
99	374	44743	0.83	45117
100	411	44382	0.92	44793

CpG context (R2)
================
position	count methylated	count unmethylated	% methylation	coverage
1	283	23017	1.21	23300
2	166	19099	0.86	19265
3	112	11680	0.95	11792
4	140	17444	0.80	17584
5	133	16732	0.79	16865
6	111	15959	0.69	16070
7	120	16806	0.71	16926
8	109	15406	0.70	15515
9	112	16002	0.70	16114
10	98	16137	0.60	16235
11	89	15961	0.55	16050
12	112	15598	0.71	15710
13	101	15907	0.63	16008
14	86	15877	0.54	15963
15	110	15631	0.70	15741
16	98	15916	0.61	16014
17	88	15569	0.56	15657
18	77	15255	0.50	15332
19	78	15856	0.49	15934
20	82	15761	0.52	15843
21	78	15428	0.50	15506
22	88	15684	0.56	15772
23	146	15389	0.94	15535
24	89	15473	0.57	15562
25	97	15705	0.61	15802
26	75	15585	0.48	15660
27	94	15428	0.61	15522
28	93	15840	0.58	15933
29	89	15573	0.57	15662
30	82	15327	0.53	15409
31	95	15393	0.61	15488
32	87	15361	0.56	15448
33	73	15094	0.48	15167
34	90	15381	0.58	15471
35	87	15588	0.56	15675
36	94	15359	0.61	15453
37	82	15432	0.53	15514
38	84	15427	0.54	15511
39	99	15046	0.65	15145
40	100	15750	0.63	15850
41	91	15227	0.59	15318
42	99	14970	0.66	15069
43	84	15490	0.54	15574
44	82	15404	0.53	15486
45	113	14899	0.75	15012
46	84	15153	0.55	15237
47	96	15079	0.63	15175
48	95	15172	0.62	15267
49	100	15255	0.65	15355
50	106	15236	0.69	15342
51	90	15007	0.60	15097
52	83	15192	0.54	15275
53	100	15029	0.66	15129
54	82	15126	0.54	15208
55	82	15060	0.54	15142
56	79	14801	0.53	14880
57	91	14730	0.61	14821
58	96	14897	0.64	14993
59	78	14840	0.52	14918
60	76	15122	0.50	15198
61	116	14940	0.77	15056
62	97	14846	0.65	14943
63	82	14708	0.55	14790
64	100	14862	0.67	14962
65	69	14553	0.47	14622
66	87	14676	0.59	14763
67	70	15049	0.46	15119
68	88	14600	0.60	14688
69	93	14512	0.64	14605
70	89	14808	0.60	14897
71	75	14643	0.51	14718
72	91	14310	0.63	14401
73	73	14632	0.50	14705
74	91	14580	0.62	14671
75	72	14428	0.50	14500
76	82	14450	0.56	14532
77	94	14426	0.65	14520
78	81	14303	0.56	14384
79	94	14439	0.65	14533
80	95	14364	0.66	14459
81	74	14167	0.52	14241
82	94	14412	0.65	14506
83	76	14129	0.54	14205
84	93	14081	0.66	14174
85	83	14229	0.58	14312
86	97	13951	0.69	14048
87	86	13816	0.62	13902
88	84	14022	0.60	14106
89	97	13937	0.69	14034
90	91	13824	0.65	13915
91	91	14052	0.64	14143
92	95	13899	0.68	13994
93	93	13758	0.67	13851
94	98	13892	0.70	13990
95	83	13831	0.60	13914
96	75	13444	0.55	13519
97	87	13882	0.62	13969
98	84	13411	0.62	13495
99	100	13429	0.74	13529
100	99	13608	0.72	13707

CHG context (R2)
================
position	count methylated	count unmethylated	% methylation	coverage
1	192	15057	1.26	15249
2	137	17514	0.78	17651
3	112	16086	0.69	16198
4	87	12279	0.70	12366
5	119	15503	0.76	15622
6	110	15212	0.72	15322
7	131	14860	0.87	14991
8	97	14866	0.65	14963
9	112	14436	0.77	14548
10	103	14772	0.69	14875
11	111	14678	0.75	14789
12	106	14569	0.72	14675
13	109	14703	0.74	14812
14	93	14618	0.63	14711
15	94	14594	0.64	14688
16	101	14542	0.69	14643
17	89	14652	0.60	14741
18	91	14637	0.62	14728
19	98	14459	0.67	14557
20	103	14947	0.68	15050
21	102	14585	0.69	14687
22	85	14371	0.59	14456
23	135	14602	0.92	14737
24	99	14417	0.68	14516
25	102	14222	0.71	14324
26	102	14565	0.70	14667
27	93	14493	0.64	14586
28	130	14316	0.90	14446
29	85	14514	0.58	14599
30	94	14259	0.65	14353
31	85	14153	0.60	14238
32	92	14390	0.64	14482
33	117	14541	0.80	14658
34	85	14348	0.59	14433
35	101	14523	0.69	14624
36	102	14263	0.71	14365
37	106	14445	0.73	14551
38	110	14306	0.76	14416
39	94	14441	0.65	14535
40	111	14229	0.77	14340
41	123	14412	0.85	14535
42	106	14142	0.74	14248
43	84	13967	0.60	14051
44	111	14374	0.77	14485
45	110	14226	0.77	14336
46	91	14021	0.64	14112
47	113	14172	0.79	14285
48	94	14122	0.66	14216
49	90	13901	0.64	13991
50	94	13946	0.67	14040
51	115	14012	0.81	14127
52	93	13854	0.67	13947
53	106	14066	0.75	14172
54	112	13925	0.80	14037
55	102	13736	0.74	13838
56	79	13982	0.56	14061
57	121	13895	0.86	14016
58	105	13779	0.76	13884
59	93	13859	0.67	13952
60	91	13777	0.66	13868
61	96	13918	0.69	14014
62	93	13612	0.68	13705
63	96	13485	0.71	13581
64	95	13748	0.69	13843
65	110	13600	0.80	13710
66	114	13556	0.83	13670
67	101	13461	0.74	13562
68	84	13667	0.61	13751
69	104	13621	0.76	13725
70	98	13262	0.73	13360
71	105	13719	0.76	13824
72	98	13458	0.72	13556
73	81	13523	0.60	13604
74	78	13406	0.58	13484
75	92	13332	0.69	13424
76	107	13165	0.81	13272
77	99	13352	0.74	13451
78	112	13393	0.83	13505
79	92	13146	0.69	13238
80	108	13216	0.81	13324
81	113	13121	0.85	13234
82	96	13041	0.73	13137
83	84	13318	0.63	13402
84	99	13269	0.74	13368
85	88	13091	0.67	13179
86	104	12835	0.80	12939
87	99	12927	0.76	13026
88	88	13006	0.67	13094
89	97	12891	0.75	12988
90	97	13102	0.73	13199
91	90	12937	0.69	13027
92	100	12776	0.78	12876
93	113	12741	0.88	12854
94	102	12546	0.81	12648
95	85	12949	0.65	13034
96	105	12742	0.82	12847
97	92	12513	0.73	12605
98	92	12570	0.73	12662
99	94	12751	0.73	12845
100	96	12634	0.75	12730

CHH context (R2)
================
position	count methylated	count unmethylated	% methylation	coverage
1	555	47441	1.16	47996
2	330	42353	0.77	42683
3	343	40228	0.85	40571
4	334	43364	0.76	43698
5	332	40713	0.81	41045
6	314	41796	0.75	42110
7	356	43247	0.82	43603
8	339	41386	0.81	41725
9	285	42337	0.67	42622
10	299	43183	0.69	43482
11	337	43126	0.78	43463
12	326	43303	0.75	43629
13	359	43475	0.82	43834
14	347	43637	0.79	43984
15	295	43306	0.68	43601
16	347	44062	0.78	44409
17	339	43475	0.77	43814
18	299	43597	0.68	43896
19	317	44167	0.71	44484
20	308	44231	0.69	44539
21	292	43836	0.66	44128
22	330	44209	0.74	44539
23	419	43437	0.96	43856
24	296	43658	0.67	43954
25	320	43867	0.72	44187
26	297	43814	0.67	44111
27	296	43858	0.67	44154
28	315	44018	0.71	44333
29	313	43842	0.71	44155
30	372	43557	0.85	43929
31	312	44136	0.70	44448
32	291	43800	0.66	44091
33	309	43744	0.70	44053
34	323	44003	0.73	44326
35	359	43724	0.81	44083
36	292	43376	0.67	43668
37	343	43346	0.79	43689
38	312	43532	0.71	43844
39	336	43288	0.77	43624
40	302	43850	0.68	44152
41	372	43556	0.85	43928
42	337	43323	0.77	43660
43	319	43296	0.73	43615
44	307	42959	0.71	43266
45	320	42692	0.74	43012
46	312	43149	0.72	43461
47	336	42946	0.78	43282
48	297	43223	0.68	43520
49	316	43242	0.73	43558
50	346	42995	0.80	43341
51	293	42966	0.68	43259
52	304	43281	0.70	43585
53	358	42743	0.83	43101
54	318	42526	0.74	42844
55	276	42759	0.64	43035
56	351	42454	0.82	42805
57	321	42488	0.75	42809
58	347	42356	0.81	42703
59	339	41994	0.80	42333
60	315	42026	0.74	42341
61	344	42195	0.81	42539
62	313	41880	0.74	42193
63	310	41885	0.73	42195
64	326	42075	0.77	42401
65	330	41988	0.78	42318
66	351	41386	0.84	41737
67	308	42026	0.73	42334
68	298	41293	0.72	41591
69	334	41362	0.80	41696
70	335	41451	0.80	41786
71	312	41329	0.75	41641
72	319	41414	0.76	41733
73	287	41363	0.69	41650
74	310	41039	0.75	41349
75	306	40832	0.74	41138
76	325	40684	0.79	41009
77	315	40686	0.77	41001
78	296	40493	0.73	40789
79	325	40400	0.80	40725
80	317	40010	0.79	40327
81	315	40202	0.78	40517
82	344	40307	0.85	40651
83	376	39832	0.94	40208
84	315	40087	0.78	40402
85	370	39828	0.92	40198
86	340	39762	0.85	40102
87	324	39402	0.82	39726
88	344	39594	0.86	39938
89	328	39550	0.82	39878
90	355	39425	0.89	39780
91	322	39554	0.81	39876
92	329	39227	0.83	39556
93	316	38859	0.81	39175
94	424	38573	1.09	38997
95	338	39113	0.86	39451
96	312	38552	0.80	38864
97	349	38634	0.90	38983
98	352	38511	0.91	38863
99	326	38166	0.85	38492
100	352	38621	0.90	38973

